73
2852
2547
7575
4
7660
18176
5723
2637
197451
40498
3851
53257
3661
7896
1916
7377
8
159
17
559
3582
23910
19956
12148
8973
20162
393249
12464
1706
156
36850
111
11105
59
7303
10881
25826
27
1312
52
3450
3512
36375
1289
2506
56132
12093
38305
4538
32666
681
46
3794
17956
4130
13476
18515
23905
2907
28027
10326
5078
3778
6356
32818
14041
6128
8643
224
786
1741
1213
2843
8890
766
3323
553
137
680
1930
47605
13193
8508
88
1653
1835
2200
2701
104
1103
13041
5661
87
8365