196844
46887
8365
237
24748
24490
15557
5661
13041
104
2701
1916
1835
88
8508
19782
1930
6922
3323
1200
73
766
1312
13193
1706
8890
224
5408
8643
226
209
12093
14041
6939
2495
10886
3778
6128
1741
6356
7922
137
2852
10326
28027
1213
8973
4130
5078
46
18515
32666
17956
1289
600
16086
13476
3512
38305
10578
4
36375
12148
1103
38022
10881
59
2259
786
11105
22388
3356
23905
3786
2603
111
36850
81
8501
7303
2843
1887
6509
159
271
9381
6762
3661
20162
7896
5723
1653
559
4557
7377
2128
7018
87
23910
7527
393249
27
40498
3582
32818
56132
3450
24489
11096
3112
553
12464
23911
17
14085
11537
10466
3662
25826
4538
2914
2722
681
53257
6453
3851
18176
11317
7575
2200
197451
27750
2547
5050
1273
20965
174
3794
156
2637
680
7660
101
2153
1955
2907
26677
2506
52
1299
19956
